rectangle 82 380 158 24 FCD5B5 000000
rectangle 138 488 14 52 4F81BD 000000
rectangle 168 488 14 52 4F81BD 000000
triangle 90 488 157 342 224 488 00B0F0 000000
circle 157 337 33 FCD5B5 000000
circle 147 326 3.5 000000 000000
circle 167 326 3.5 000000 000000
linesegment 158 332 158 339 4F81BD
linesegment 144 346 158 354 FF0C0B
linesegment 158 354 169 346 FF0C0B
triangle 138 281 160 300 138 318 FF0C0B 000000
triangle 158 304 178 285 178 322 FF0C0B 000000
linesegment 240 390 213 261 000000
circle 214 222 39 00B0F0 000000
circle 338 126 57 FFFF00 FFC300
